1
10
101
105
106
107
11
111
113
114
116
118
119
12
120
121
122
123
124
125
128
13
131
132
14
143
148
15
150
153
154
158
159
164
166
167
168
169
17
177
178
179
18
181
182
183
186
187
19
190
192
197
2
200
201
204
208
21
212
214
216
217
219
22
221
232
234
235
236
237
238
24
240
243
245
246
249
252
255
257
26
268
269
27
271
277
28
3
301
303
304
308
309
31
311
312
316
32
33
330
331
342
345
346
347
348
355
36
37
372
373
4
41
43
44
45
47
48
5
50
522
540
545
55
550
554
555
56
57
60
601
62
64
65
661
67
7
70
71
73
74
75
76
77
773
78
8
82
83
84
886
888
889
891
892
9
901
903
908
913
914
916
917
952
973
975
Stcr SLU
982
984
986
987
988
989
99
994
995
49
248
556
218
180
981
157
244
LINK
775
102
156
224
193
930
823
824
542
A Line
910
B Line
980
226
241
893
915
931
907
29
887
40
C Line
D Line
906
E Line
F Line
894
895
628
630
631
Stcr FHS
63
541
Redmond LOOP
